0 1000 0 0 0 0 0 0 0
1 25.0664 0 -3818.13 876.894 -641.545 -14.9331 -32.2759 46.9867
2 11.259 0 -4512.1 933.175 4479.11 37.0405 -92.0516 54.6472
3 66.1415 0 2576.36 -2094.04 3023.3 50.953 -4.43383 -45.5802
4 57.6508 0 -4789.63 -1705.38 -625.175 9.66308 -42.4838 30.7287
5 18.4765 0 -38.4755 76.2373 -5532.03 -56.3789 54.7066 0.527263
6 85.5305 0 -1727.65 945.678 4049.3 30.5228 -57.1306 27.7219
7 67.2238 0 3391.07 1961.4 -444.751 -24.6611 38.3245 -14.3911
8 53.3318 0 2347.7 -1186.62 2029.92 32.7678 2.75379 -35.7576
9 46.0642 0 -3056.71 -380.572 1791.8 21.3746 -47.4882 26.7399
